# n	P_coherent	P_thermal (m=5)
700 2.095737e-24 6.887655e-07
701 2.989639e-24 7.369103e-07
702 4.258745e-24 7.881721e-07
703 6.057959e-24 8.427350e-07
704 8.605055e-24 9.007927e-07
705 1.220575e-23 9.625492e-07
706 1.728860e-23 1.028219e-06
707 2.445347e-23 1.098027e-06
708 3.453879e-23 1.172211e-06
709 4.871480e-23 1.251020e-06
710 6.861239e-23 1.334715e-06
711 9.650126e-23 1.423571e-06
712 1.355355e-22 1.517876e-06
713 1.900918e-22 1.617932e-06
714 2.662351e-22 1.724057e-06
715 3.723567e-22 1.836583e-06
716 5.200513e-22 1.955858e-06
717 7.253156e-22 2.082248e-06
718 1.010189e-21 2.216134e-06
719 1.404991e-21 2.357918e-06
720 1.951377e-21 2.508016e-06
721 2.706487e-21 2.666869e-06
722 3.748597e-21 2.834934e-06
723 5.184781e-21 3.012689e-06
724 7.161300e-21 3.200635e-06
725 9.877655e-21 3.399295e-06
726 1.360559e-20 3.609215e-06
727 1.871470e-20 3.830964e-06
728 2.570700e-20 4.065137e-06
729 3.526338e-20 4.312354e-06
730 4.830600e-20 4.573261e-06
731 6.608208e-20 4.848532e-06
732 9.027606e-20 5.138870e-06
733 1.231597e-19 5.445006e-06
734 1.677925e-19 5.767700e-06
735 2.282891e-19 6.107746e-06
736 3.101754e-19 6.465968e-06
737 4.208622e-19 6.843222e-06
738 5.702740e-19 7.240401e-06
739 7.716833e-19 7.658431e-06
740 1.042815e-18 8.098273e-06
741 1.407308e-18 8.560927e-06
742 1.896642e-18 9.047431e-06
743 2.552681e-18 9.558861e-06
744 3.431022e-18 1.009633e-05
745 4.605399e-18 1.066100e-05
746 6.173457e-18 1.125408e-05
747 8.264334e-18 1.187679e-05
748 1.104857e-17 1.253044e-05
749 1.475110e-17 1.321635e-05
750 1.966813e-17 1.393591e-05
751 2.618926e-17 1.469054e-05
752 3.482614e-17 1.548172e-05
753 4.624986e-17 1.631097e-05
754 6.133933e-17 1.717988e-05
755 8.124415e-17 1.809007e-05
756 1.074658e-16 1.904323e-05
757 1.419628e-16 2.004109e-05
758 1.872860e-16 2.108545e-05
759 2.467536e-16 2.217815e-05
760 3.246758e-16 2.332111e-05
761 4.266436e-16 2.451627e-05
762 5.598997e-16 2.576568e-05
763 7.338135e-16 2.707141e-05
764 9.604889e-16 2.843561e-05
765 1.255541e-15 2.986049e-05
766 1.639087e-15 3.134832e-05
767 2.137011e-15 3.290143e-05
768 2.782566e-15 3.452223e-05
769 3.618422e-15 3.621317e-05
770 4.699249e-15 3.797680e-05
771 6.095006e-15 3.981571e-05
772 7.895085e-15 4.173257e-05
773 1.021356e-14 4.373012e-05
774 1.319582e-14 4.581116e-05
775 1.702686e-14 4.797857e-05
776 2.194183e-14 5.023530e-05
777 2.823917e-14 5.258435e-05
778 3.629713e-14 5.502883e-05
779 4.659452e-14 5.757188e-05
780 5.973657e-14 6.021674e-05
781 7.648728e-14 6.296672e-05
782 9.780982e-14 6.582518e-05
783 1.249168e-13 6.879558e-05
784 1.593326e-13 7.188144e-05
785 2.029715e-13 7.508634e-05
786 2.582334e-13 7.841396e-05
787 3.281238e-13 8.186803e-05
788 4.164007e-13 8.545235e-05
789 5.277576e-13 8.917081e-05
790 6.680476e-13 9.302735e-05
791 8.445608e-13 9.702600e-05
792 1.066365e-12 1.011708e-04
793 1.344722e-12 1.054660e-04
794 1.693605e-12 1.099158e-04
795 2.130320e-12 1.145244e-04
796 2.676282e-12 1.192963e-04
797 3.357945e-12 1.242358e-04
798 4.207951e-12 1.293474e-04
799 5.266521e-12 1.346357e-04
800 6.583152e-12 1.401053e-04
801 8.218666e-12 1.457608e-04
802 1.024771e-11 1.516070e-04
803 1.276179e-11 1.576486e-04
804 1.587287e-11 1.638905e-04
805 1.971785e-11 1.703375e-04
806 2.446383e-11 1.769946e-04
807 3.031454e-11 1.838668e-04
808 3.751799e-11 1.909590e-04
809 4.637576e-11 1.982763e-04
810 5.725402e-11 2.058239e-04
811 7.059682e-11 2.136068e-04
812 8.694190e-11 2.216302e-04
813 1.069396e-10 2.298993e-04
814 1.313754e-10 2.384193e-04
815 1.611969e-10 2.471955e-04
816 1.975452e-10 2.562331e-04
817 2.417934e-10 2.655373e-04
818 2.955909e-10 2.751136e-04
819 3.609169e-10 2.849670e-04
820 4.401425e-10 2.951031e-04
821 5.361054e-10 3.055269e-04
822 6.521963e-10 3.162439e-04
823 7.924621e-10 3.272593e-04
824 9.617258e-10 3.385783e-04
825 1.165728e-09 3.502063e-04
826 1.411293e-09 3.621483e-04
827 1.706522e-09 3.744097e-04
828 2.061016e-09 3.869955e-04
829 2.486148e-09 3.999109e-04
830 2.995359e-09 4.131610e-04
831 3.604523e-09 4.267507e-04
832 4.332359e-09 4.406851e-04
833 5.200912e-09 4.549690e-04
834 6.236105e-09 4.696073e-04
835 7.468389e-09 4.846048e-04
836 8.933480e-09 4.999660e-04
837 1.067321e-08 5.156957e-04
838 1.273653e-08 5.317984e-04
839 1.518061e-08 5.482785e-04
840 1.807215e-08 5.651402e-04
841 2.148889e-08 5.823878e-04
842 2.552124e-08 6.000255e-04
843 3.027431e-08 6.180571e-04
844 3.587004e-08 6.364865e-04
845 4.244975e-08 6.553175e-04
846 5.017701e-08 6.745535e-04
847 5.924086e-08 6.941982e-04
848 6.985950e-08 7.142546e-04
849 8.228446e-08 7.347260e-04
850 9.680524e-08 7.556152e-04
851 1.137547e-07 7.769252e-04
852 1.335149e-07 7.986584e-04
853 1.565239e-07 8.208174e-04
854 1.832833e-07 8.434043e-04
855 2.143664e-07 8.664211e-04
856 2.504280e-07 8.898698e-04
857 2.922147e-07 9.137520e-04
858 3.405766e-07 9.380690e-04
859 3.964804e-07 9.628221e-04
860 4.610237e-07 9.880122e-04
861 5.354514e-07 1.013640e-03
862 6.211733e-07 1.039706e-03
863 7.197837e-07 1.066211e-03
864 8.330830e-07 1.093154e-03
865 9.631017e-07 1.120536e-03
866 1.112127e-06 1.148355e-03
867 1.282730e-06 1.176611e-03
868 1.477799e-06 1.205304e-03
869 1.700575e-06 1.234431e-03
870 1.954683e-06 1.263991e-03
871 2.244183e-06 1.293982e-03
872 2.573604e-06 1.324403e-03
873 2.948000e-06 1.355250e-03
874 3.372998e-06 1.386521e-03
875 3.854855e-06 1.418213e-03
876 4.400519e-06 1.450322e-03
877 5.017696e-06 1.482845e-03
878 5.714916e-06 1.515779e-03
879 6.501611e-06 1.549118e-03
880 7.388194e-06 1.582858e-03
881 8.386145e-06 1.616995e-03
882 9.508101e-06 1.651522e-03
883 1.076795e-05 1.686436e-03
884 1.218094e-05 1.721729e-03
885 1.376377e-05 1.757395e-03
886 1.553473e-05 1.793429e-03
887 1.751379e-05 1.829823e-03
888 1.972274e-05 1.866571e-03
889 2.218531e-05 1.903665e-03
890 2.492731e-05 1.941096e-03
891 2.797678e-05 1.978858e-03
892 3.136411e-05 2.016941e-03
893 3.512218e-05 2.055338e-03
894 3.928655e-05 2.094038e-03
895 4.389559e-05 2.133033e-03
896 4.899062e-05 2.172313e-03
897 5.461607e-05 2.211869e-03
898 6.081968e-05 2.251689e-03
899 6.765259e-05 2.291763e-03
900 7.516954e-05 2.332082e-03
901 8.342902e-05 2.372632e-03
902 9.249337e-05 2.413403e-03
903 1.024290e-04 2.454384e-03
904 1.133064e-04 2.495562e-03
905 1.252004e-04 2.536925e-03
906 1.381903e-04 2.578460e-03
907 1.523598e-04 2.620155e-03
908 1.677971e-04 2.661997e-03
909 1.845953e-04 2.703972e-03
910 2.028520e-04 2.746067e-03
911 2.226696e-04 2.788268e-03
912 2.441552e-04 2.830560e-03
913 2.674208e-04 2.872931e-03
914 2.925830e-04 2.915365e-03
915 3.197628e-04 2.957847e-03
916 3.490860e-04 3.000364e-03
917 3.806827e-04 3.042899e-03
918 4.146870e-04 3.085438e-03
919 4.512372e-04 3.127964e-03
920 4.904753e-04 3.170464e-03
921 5.325464e-04 3.212920e-03
922 5.775992e-04 3.255318e-03
923 6.257846e-04 3.297641e-03
924 6.772560e-04 3.339872e-03
925 7.321687e-04 3.381997e-03
926 7.906789e-04 3.423998e-03
927 8.529438e-04 3.465859e-03
928 9.191205e-04 3.507564e-03
929 9.893654e-04 3.549096e-03
930 1.063834e-03 3.590438e-03
931 1.142679e-03 3.631575e-03
932 1.226050e-03 3.672488e-03
933 1.314094e-03 3.713163e-03
934 1.406953e-03 3.753581e-03
935 1.504763e-03 3.793726e-03
936 1.607653e-03 3.833582e-03
937 1.715745e-03 3.873131e-03
938 1.829152e-03 3.912358e-03
939 1.947979e-03 3.951246e-03
940 2.072318e-03 3.989777e-03
941 2.202250e-03 4.027937e-03
942 2.337846e-03 4.065707e-03
943 2.479158e-03 4.103073e-03
944 2.626226e-03 4.140018e-03
945 2.779075e-03 4.176527e-03
946 2.937712e-03 4.212582e-03
947 3.102124e-03 4.248169e-03
948 3.272283e-03 4.283271e-03
949 3.448138e-03 4.317874e-03
950 3.629619e-03 4.351963e-03
951 3.816634e-03 4.385522e-03
952 4.009069e-03 4.418536e-03
953 4.206789e-03 4.450991e-03
954 4.409632e-03 4.482873e-03
955 4.617415e-03 4.514167e-03
956 4.829932e-03 4.544859e-03
957 5.046951e-03 4.574937e-03
958 5.268216e-03 4.604386e-03
959 5.493448e-03 4.633193e-03
960 5.722341e-03 4.661346e-03
961 5.954569e-03 4.688833e-03
962 6.189781e-03 4.715640e-03
963 6.427602e-03 4.741756e-03
964 6.667637e-03 4.767170e-03
965 6.909469e-03 4.791871e-03
966 7.152659e-03 4.815846e-03
967 7.396752e-03 4.839087e-03
968 7.641273e-03 4.861583e-03
969 7.885730e-03 4.883324e-03
970 8.129619e-03 4.904300e-03
971 8.372419e-03 4.924503e-03
972 8.613600e-03 4.943925e-03
973 8.852621e-03 4.962555e-03
974 9.088933e-03 4.980388e-03
975 9.321983e-03 4.997415e-03
976 9.551212e-03 5.013629e-03
977 9.776061e-03 5.029024e-03
978 9.995972e-03 5.043594e-03
979 1.021039e-02 5.057332e-03
980 1.041877e-02 5.070233e-03
981 1.062056e-02 5.082293e-03
982 1.081523e-02 5.093506e-03
983 1.100227e-02 5.103869e-03
984 1.118117e-02 5.113379e-03
985 1.135144e-02 5.122031e-03
986 1.151262e-02 5.129823e-03
987 1.166425e-02 5.136753e-03
988 1.180592e-02 5.142818e-03
989 1.193723e-02 5.148018e-03
990 1.205781e-02 5.152352e-03
991 1.216732e-02 5.155818e-03
992 1.226544e-02 5.158416e-03
993 1.235190e-02 5.160148e-03
994 1.242646e-02 5.161013e-03
995 1.248891e-02 5.161013e-03
996 1.253906e-02 5.160150e-03
997 1.257679e-02 5.158424e-03
998 1.260200e-02 5.155840e-03
999 1.261461e-02 5.152399e-03
1000 1.261461e-02 5.148106e-03
1001 1.260201e-02 5.142963e-03
1002 1.257686e-02 5.136975e-03
1003 1.253924e-02 5.130146e-03
1004 1.248928e-02 5.122481e-03
1005 1.242715e-02 5.113986e-03
1006 1.235303e-02 5.104666e-03
1007 1.226716e-02 5.094528e-03
1008 1.216980e-02 5.083578e-03
1009 1.206125e-02 5.071822e-03
1010 1.194183e-02 5.059268e-03
1011 1.181190e-02 5.045923e-03
1012 1.167184e-02 5.031796e-03
1013 1.152205e-02 5.016894e-03
1014 1.136297e-02 5.001227e-03
1015 1.119504e-02 4.984802e-03
1016 1.101874e-02 4.967630e-03
1017 1.083455e-02 4.949720e-03
1018 1.064298e-02 4.931082e-03
1019 1.044454e-02 4.911725e-03
1020 1.023974e-02 4.891661e-03
1021 1.002913e-02 4.870900e-03
1022 9.813237e-03 4.849452e-03
1023 9.592607e-03 4.827330e-03
1024 9.367781e-03 4.804545e-03
1025 9.139298e-03 4.781108e-03
1026 8.907698e-03 4.757032e-03
1027 8.673513e-03 4.732328e-03
1028 8.437270e-03 4.707009e-03
1029 8.199485e-03 4.681088e-03
1030 7.960665e-03 4.654577e-03
1031 7.721304e-03 4.627489e-03
1032 7.481884e-03 4.599838e-03
1033 7.242869e-03 4.571636e-03
1034 7.004709e-03 4.542898e-03
1035 6.767835e-03 4.513636e-03
1036 6.532659e-03 4.483864e-03
1037 6.299575e-03 4.453597e-03
1038 6.068955e-03 4.422848e-03
1039 5.841150e-03 4.391632e-03
1040 5.616490e-03 4.359961e-03
1041 5.395284e-03 4.327851e-03
1042 5.177815e-03 4.295316e-03
1043 4.964348e-03 4.262370e-03
1044 4.755123e-03 4.229028e-03
1045 4.550357e-03 4.195304e-03
1046 4.350246e-03 4.161212e-03
1047 4.154962e-03 4.126767e-03
1048 3.964659e-03 4.091983e-03
1049 3.779465e-03 4.056876e-03
1050 3.599490e-03 4.021459e-03
1051 3.424824e-03 3.985746e-03
1052 3.255536e-03 3.949753e-03
1053 3.091678e-03 3.913494e-03
1054 2.933280e-03 3.876983e-03
1055 2.780361e-03 3.840235e-03
1056 2.632917e-03 3.803263e-03
1057 2.490934e-03 3.766081e-03
1058 2.354380e-03 3.728705e-03
1059 2.223211e-03 3.691148e-03
1060 2.097368e-03 3.653424e-03
1061 1.976785e-03 3.615547e-03
1062 1.861379e-03 3.577531e-03
1063 1.751062e-03 3.539388e-03
1064 1.645735e-03 3.501134e-03
1065 1.545291e-03 3.462780e-03
1066 1.449616e-03 3.424341e-03
1067 1.358591e-03 3.385829e-03
1068 1.272089e-03 3.347258e-03
1069 1.189980e-03 3.308639e-03
1070 1.112131e-03 3.269987e-03
1071 1.038404e-03 3.231313e-03
1072 9.686608e-04 3.192630e-03
1073 9.027593e-04 3.153949e-03
1074 8.405580e-04 3.115284e-03
1075 7.819145e-04 3.076644e-03
1076 7.266863e-04 3.038043e-03
1077 6.747319e-04 2.999492e-03
1078 6.259109e-04 2.961001e-03
1079 5.800842e-04 2.922582e-03
1080 5.371150e-04 2.884246e-03
1081 4.968687e-04 2.846003e-03
1082 4.592132e-04 2.807863e-03
1083 4.240196e-04 2.769837e-03
1084 3.911620e-04 2.731935e-03
1085 3.605179e-04 2.694167e-03
1086 3.319686e-04 2.656541e-03
1087 3.053989e-04 2.619067e-03
1088 2.806975e-04 2.581755e-03
1089 2.577572e-04 2.544613e-03
1090 2.364745e-04 2.507650e-03
1091 2.167502e-04 2.470875e-03
1092 1.984892e-04 2.434294e-03
1093 1.816003e-04 2.397917e-03
1094 1.659967e-04 2.361751e-03
1095 1.515951e-04 2.325804e-03
1096 1.383167e-04 2.290082e-03
1097 1.260863e-04 2.254593e-03
1098 1.148327e-04 2.219343e-03
1099 1.044884e-04 2.184340e-03
1100 9.498944e-05 2.149589e-03
1101 8.627561e-05 2.115097e-03
1102 7.829002e-05 2.080869e-03
1103 7.097917e-05 2.046911e-03
1104 6.429273e-05 2.013228e-03
1105 5.818346e-05 1.979826e-03
1106 5.260711e-05 1.946710e-03
1107 4.752223e-05 1.913884e-03
1108 4.289010e-05 1.881352e-03
1109 3.867457e-05 1.849120e-03
1110 3.484196e-05 1.817191e-03
1111 3.136090e-05 1.785569e-03
1112 2.820225e-05 1.754257e-03
1113 2.533894e-05 1.723259e-03
1114 2.274591e-05 1.692579e-03
1115 2.039992e-05 1.662219e-03
1116 1.827950e-05 1.632182e-03
1117 1.636481e-05 1.602470e-03
1118 1.463758e-05 1.573087e-03
1119 1.308095e-05 1.544034e-03
1120 1.167942e-05 1.515313e-03
1121 1.041875e-05 1.486926e-03
1122 9.285872e-06 1.458875e-03
1123 8.268809e-06 1.431161e-03
1124 7.356592e-06 1.403786e-03
1125 6.539192e-06 1.376750e-03
1126 5.807453e-06 1.350054e-03
1127 5.153020e-06 1.323700e-03
1128 4.568280e-06 1.297688e-03
1129 4.046306e-06 1.272017e-03
1130 3.580802e-06 1.246690e-03
1131 3.166050e-06 1.221704e-03
1132 2.796864e-06 1.197062e-03
1133 2.468547e-06 1.172761e-03
1134 2.176849e-06 1.148803e-03
1135 1.917929e-06 1.125186e-03
1136 1.688318e-06 1.101909e-03
1137 1.484888e-06 1.078973e-03
1138 1.304822e-06 1.056376e-03
1139 1.145586e-06 1.034117e-03
1140 1.004900e-06 1.012195e-03
1141 8.807186e-07 9.906085e-04
1142 7.712072e-07 9.693564e-04
1143 6.747220e-07 9.484370e-04
1144 5.897919e-07 9.278489e-04
1145 5.151021e-07 9.075902e-04
1146 4.494783e-07 8.876591e-04
1147 3.918730e-07 8.680537e-04
1148 3.413528e-07 8.487720e-04
1149 2.970868e-07 8.298119e-04
1150 2.583364e-07 8.111712e-04
1151 2.244452e-07 7.928476e-04
1152 1.948309e-07 7.748388e-04
1153 1.689773e-07 7.571423e-04
1154 1.464275e-07 7.397556e-04
1155 1.267771e-07 7.226761e-04
1156 1.096687e-07 7.059012e-04
1157 9.478715e-08 6.894281e-04
1158 8.185419e-08 6.732541e-04
1159 7.062484e-08 6.573764e-04
1160 6.088348e-08 6.417920e-04
1161 5.244055e-08 6.264981e-04
1162 4.512956e-08 6.114916e-04
1163 3.880444e-08 5.967696e-04
1164 3.333715e-08 5.823288e-04
1165 2.861558e-08 5.681663e-04
1166 2.454166e-08 5.542789e-04
1167 2.102970e-08 5.406634e-04
1168 1.800488e-08 5.273165e-04
1169 1.540195e-08 5.142351e-04
1170 1.316406e-08 5.014158e-04
1171 1.124173e-08 4.888555e-04
1172 9.591916e-09 4.765507e-04
1173 8.177252e-09 4.644981e-04
1174 6.965291e-09 4.526944e-04
1175 5.927907e-09 4.411362e-04
1176 5.040737e-09 4.298203e-04
1177 4.282700e-09 4.187430e-04
1178 3.635568e-09 4.079012e-04
1179 3.083603e-09 3.972914e-04
1180 2.613223e-09 3.869102e-04
1181 2.212721e-09 3.767542e-04
1182 1.872014e-09 3.668201e-04
1183 1.582430e-09 3.571043e-04
1184 1.336511e-09 3.476037e-04
1185 1.127858e-09 3.383147e-04
1186 9.509762e-10 3.292340e-04
1187 8.011594e-10 3.203583e-04
1188 6.743766e-10 3.116842e-04
1189 5.671796e-10 3.032083e-04
1190 4.766216e-10 2.949274e-04
1191 4.001860e-10 2.868382e-04
1192 3.357265e-10 2.789373e-04
1193 2.814137e-10 2.712215e-04
1194 2.356899e-10 2.636876e-04
1195 1.972300e-10 2.563323e-04
1196 1.649080e-10 2.491524e-04
1197 1.377678e-10 2.421448e-04
1198 1.149981e-10 2.353062e-04
1199 9.591171e-11 2.286337e-04
1200 7.992643e-11 2.221239e-04
1201 6.654990e-11 2.157740e-04
1202 5.536597e-11 2.095808e-04
1203 4.602325e-11 2.035414e-04
1204 3.822529e-11 1.976527e-04
1205 3.172223e-11 1.919117e-04
1206 2.630368e-11 1.863156e-04
1207 2.179261e-11 1.808615e-04
1208 1.804024e-11 1.755464e-04
1209 1.492162e-11 1.703676e-04
1210 1.233192e-11 1.653223e-04
1211 1.018325e-11 1.604077e-04
1212 8.402022e-12 1.556210e-04
1213 6.926646e-12 1.509597e-04
1214 5.705640e-12 1.464209e-04
1215 4.696000e-12 1.420022e-04
1216 3.861842e-12 1.377009e-04
1217 3.173247e-12 1.335144e-04
1218 2.605293e-12 1.294403e-04
1219 2.137238e-12 1.254760e-04
1220 1.751835e-12 1.216192e-04
1221 1.434754e-12 1.178673e-04
1222 1.174103e-12 1.142181e-04
1223 9.600188e-13 1.106693e-04
1224 7.843291e-13 1.072184e-04
1225 6.402687e-13 1.038632e-04
1226 5.222420e-13 1.006016e-04
1227 4.256251e-13 9.743136e-05
1228 3.466002e-13 9.435027e-05
1229 2.820181e-13 9.135624e-05
1230 2.292830e-13 8.844720e-05
1231 1.862575e-13 8.562110e-05
1232 1.511830e-13 8.287594e-05
1233 1.226140e-13 8.020975e-05
1234 9.936304e-14 7.762060e-05
1235 8.045590e-14 7.510657e-05
1236 6.509377e-14 7.266581e-05
1237 5.262229e-14 7.029648e-05
1238 4.250589e-14 6.799680e-05
1239 3.430661e-14 6.576500e-05
1240 2.766662e-14 6.359935e-05
1241 2.229381e-14 6.149816e-05
1242 1.794993e-14 5.945978e-05
1243 1.444081e-14 5.748257e-05
1244 1.160837e-14 5.556494e-05
1245 9.323991e-15 5.370534e-05
1246 7.483139e-15 5.190223e-05
1247 6.000913e-15 5.015412e-05
1248 4.808424e-15 4.845954e-05
1249 3.849819e-15 4.681707e-05
1250 3.079855e-15 4.522529e-05
1251 2.461915e-15 4.368283e-05
1252 1.966386e-15 4.218836e-05
1253 1.569342e-15 4.074055e-05
1254 1.251469e-15 3.933813e-05
1255 9.971864e-16 3.797984e-05
1256 7.939382e-16 3.666446e-05
1257 6.316135e-16 3.539078e-05
1258 5.020775e-16 3.415763e-05
1259 3.987907e-16 3.296388e-05
1260 3.165006e-16 3.180840e-05
1261 2.509917e-16 3.069010e-05
1262 1.988841e-16 2.960793e-05
1263 1.574696e-16 2.856083e-05
1264 1.245804e-16 2.754779e-05
1265 9.848251e-17 2.656783e-05
1266 7.779030e-17 2.561998e-05
1267 6.139723e-17 2.470329e-05
1268 4.842053e-17 2.381686e-05
1269 3.815645e-17 2.295978e-05
1270 3.004445e-17 2.213118e-05
1271 2.363843e-17 2.133020e-05
1272 1.858367e-17 2.055603e-05
1273 1.459833e-17 1.980786e-05
1274 1.145866e-17 1.908489e-05
1275 8.987182e-18 1.838635e-05
1276 7.043246e-18 1.771152e-05
1277 5.515463e-18 1.705964e-05
1278 4.315699e-18 1.643003e-05
1279 3.374276e-18 1.582199e-05
1280 2.636153e-18 1.523484e-05
1281 2.057887e-18 1.466794e-05
1282 1.605216e-18 1.412066e-05
1283 1.251143e-18 1.359238e-05
1284 9.744101e-19 1.308248e-05
1285 7.582958e-19 1.259041e-05
1286 5.896546e-19 1.211557e-05
1287 4.581620e-19 1.165744e-05
1288 3.557159e-19 1.121545e-05
1289 2.759627e-19 1.078911e-05
1290 2.139245e-19 1.037790e-05
1291 1.657045e-19 9.981324e-06
1292 1.282543e-19 9.598913e-06
1293 9.919124e-20 9.230200e-06
1294 7.665475e-20 8.874735e-06
1295 5.919286e-20 8.532081e-06
1296 4.567350e-20 8.201814e-06
1297 3.521473e-20 7.883522e-06
1298 2.712999e-20 7.576806e-06
1299 2.088529e-20 7.281277e-06
1300 1.606561e-20 6.996561e-06
