0 895
1 850
2 899
3 911
4 888
5 898
6 916
7 910
8 897
9 945
10 924
11 925
12 885
13 851
14 897
15 866
16 869
17 881
18 890
19 924
20 890
21 874
22 920
23 903
24 896
25 916
26 937
27 856
28 924
29 890
30 844
31 892
32 886
33 887
34 865
35 955
36 904
37 892
38 946
39 919
40 924
41 867
42 891
43 908
44 909
45 972
46 866
47 917
48 900
49 932
50 900
51 888
52 852
53 895
54 874
55 915
56 920
57 977
58 947
59 951
60 887
61 951
62 874
63 890
64 908
65 913
66 846
67 907
68 883
69 877
70 854
71 911
72 874
73 980
74 894
75 926
76 917
77 909
78 923
79 948
80 896
81 925
82 862
83 894
84 920
85 859
86 913
87 886
88 889
89 961
90 915
91 875
92 875
93 885
94 898
95 941
96 893
97 887
98 890
99 901
100 876
101 909
102 862
103 860
104 932
105 889
106 955
107 871
108 834
109 959
110 924
111 866
112 861
113 943
114 914
115 899
116 909
117 936
118 949
119 890
120 879
121 919
122 909
123 919
124 910
125 915
126 898
127 928
128 873
129 893
130 883
131 885
132 881
133 860
134 906
135 933
136 964
137 899
138 898
139 922
140 943
141 905
142 884
143 892
144 899
145 938
146 856
147 879
148 895
149 846
150 882
151 957
152 933
153 972
154 898
155 831
156 922
157 928
158 888
159 874
160 888
161 860
162 959
163 866
164 892
165 938
166 863
167 886
168 907
169 867
170 853
171 932
172 862
173 938
174 951
175 946
176 930
177 902
178 869
179 843
180 894
181 869
182 940
183 882
184 937
185 963
186 839
187 915
188 876
189 889
190 909
191 936
192 934
193 897
194 873
195 894
196 872
197 951
198 891
199 942
200 924
201 865
202 895
203 893
204 915
205 901
206 938
207 913
208 855
209 950
210 912
211 907
212 906
213 893
214 921
215 886
216 916
217 891
218 902
219 946
220 894
221 929
222 904
223 888
224 916
225 891
226 924
227 908
228 838
229 915
230 895
231 879
232 887
233 905
234 916
235 942
236 911
237 898
238 882
239 850
240 882
241 882
242 854
243 901
244 898
245 952
246 905
247 916
248 938
249 877
250 885
251 929
252 883
253 866
254 915
255 927
256 872
257 883
258 940
259 890
260 899
261 887
262 913
263 859
264 907
265 884
266 838
267 892
268 895
269 967
270 906
271 893
272 901
273 908
274 890
275 885
276 897
277 914
278 883
279 923
280 868
281 936
282 839
283 818
284 938
285 904
286 916
287 943
288 893
289 890
290 934
291 903
292 909
293 931
294 888
295 899
296 916
297 942
298 909
299 839
300 885
301 878
302 908
303 914
304 923
305 893
306 913
307 849
308 911
309 860
310 861
311 903
312 915
313 915
314 894
315 882
316 889
317 960
318 886
319 891
320 939
321 931
322 968
323 898
324 907
325 841
326 892
327 918
328 840
329 937
330 874
331 932
332 941
333 943
334 921
335 901
336 898
337 874
338 931
339 931
340 941
341 879
342 905
343 915
344 894
345 835
346 867
347 878
348 865
349 911
350 887
351 923
352 885
353 859
354 876
355 889
356 931
357 873
358 911
359 916
360 911
361 912
362 855
363 927
364 920
365 851
366 916
367 948
368 897
369 871
370 919
371 912
372 915
373 934
374 887
375 882
376 912
377 869
378 907
379 918
380 924
381 920
382 883
383 900
384 874
385 923
386 842
387 815
388 892
389 885
390 884
391 889
392 953
393 901
394 884
395 857
396 881
397 904
398 925
399 874
400 916
401 853
402 838
403 887
404 927
405 924
406 875
407 852
408 891
409 938
410 891
411 882
412 889
413 910
414 887
415 944
416 872
417 878
418 899
419 949
420 971
421 877
422 904
423 860
424 914
425 849
426 926
427 932
428 965
429 936
430 864
431 843
432 920
433 896
434 908
435 921
436 901
437 899
438 925
439 875
440 902
441 907
442 882
443 928
444 888
445 917
446 875
447 900
448 964
449 910
450 894
451 905
452 926
453 876
454 938
455 896
456 854
457 885
458 892
459 932
460 901
461 930
462 931
463 875
464 874
465 921
466 902
467 829
468 882
469 918
470 889
471 929
472 909
473 948
474 933
475 878
476 909
477 885
478 907
479 942
480 919
481 893
482 864
483 882
484 907
485 873
486 924
487 868
488 961
489 923
490 881
491 928
492 912
493 909
494 916
495 959
496 887
497 923
498 888
499 930
500 909
501 890
502 912
503 914
504 916
505 892
506 894
507 937
508 874
509 870
510 854
511 904
512 914
513 844
514 932
515 893
516 846
517 913
518 899
519 940
520 913
521 920
522 907
523 891
524 845
525 915
526 952
527 905
528 918
529 891
530 927
531 949
532 890
533 860
534 924
535 888
536 893
537 886
538 905
539 957
540 888
541 910
542 916
543 925
544 871
545 955
546 904
547 896
548 871
549 948
550 923
551 841
552 906
553 915
554 808
555 903
556 954
557 934
558 946
559 892
560 870
561 937
562 959
563 901
564 920
565 913
566 896
567 886
568 855
569 890
570 890
571 937
572 927
573 899
574 869
575 927
576 868
577 881
578 884
579 907
580 895
581 900
582 889
583 847
584 906
585 917
586 876
587 912
588 867
589 927
590 923
591 955
592 919
593 961
594 918
595 877
596 894
597 828
598 902
599 925
600 892
601 949
602 926
603 871
604 890
605 889
606 909
607 924
608 844
609 918
610 893
611 880
612 922
613 988
614 900
615 950
616 885
617 900
618 969
619 837
620 861
621 917
622 904
623 849
624 919
625 904
626 888
627 869
628 874
629 890
630 902
631 863
632 918
633 872
634 908
635 863
636 866
637 936
638 873
639 892
640 888
641 944
642 865
643 886
644 967
645 861
646 892
647 904
648 896
649 938
650 930
651 879
652 864
653 898
654 875
655 894
656 921
657 879
658 845
659 940
660 931
661 963
662 875
663 925
664 885
665 955
666 858
667 932
668 909
669 885
670 878
671 875
672 903
673 898
674 907
675 937
676 891
677 921
678 910
679 826
680 905
681 923
682 945
683 914
684 936
685 951
686 906
687 946
688 886
689 852
690 915
691 909
692 890
693 898
694 856
695 859
696 936
697 923
698 915
699 933
700 916
701 911
702 879
703 906
704 899
705 940
706 935
707 917
708 842
709 870
710 861
711 882
712 925
713 907
714 887
715 889
716 880
717 897
718 946
719 886
720 939
721 891
722 896
723 940
724 929
725 929
726 918
727 937
728 899
729 964
730 915
731 875
732 918
733 929
734 852
735 888
736 893
737 905
738 876
739 977
740 838
741 903
742 904
743 899
744 907
745 877
746 902
747 876
748 913
749 924
750 912
751 893
752 882
753 865
754 898
755 941
756 846
757 843
758 917
759 901
760 892
761 940
762 957
763 882
764 898
765 897
766 895
767 891
768 902
769 857
770 973
771 886
772 909
773 899
774 867
775 852
776 869
777 888
778 879
779 909
780 971
781 905
782 872
783 948
784 922
785 887
786 921
787 938
788 888
789 837
790 904
791 950
792 912
793 937
794 926
795 902
796 920
797 893
798 892
799 894
800 892
801 889
802 911
803 936
804 907
805 892
806 890
807 924
808 918
809 920
810 913
811 890
812 853
813 888
814 905
815 923
816 903
817 911
818 930
819 925
820 927
821 914
822 877
823 975
824 877
825 894
826 916
827 866
828 945
829 891
830 902
831 882
832 916
833 946
834 888
835 930
836 881
837 922
838 931
839 857
840 900
841 891
842 949
843 933
844 918
845 940
846 872
847 917
848 859
849 872
850 972
851 937
852 926
853 919
854 884
855 919
856 887
857 867
858 889
859 922
860 878
861 895
862 888
863 916
864 899
865 889
866 874
867 923
868 897
869 867
870 918
871 903
872 918
873 912
874 824
875 899
876 880
877 938
878 884
879 913
880 865
881 955
882 895
883 892
884 904
885 906
886 906
887 880
888 875
889 883
890 908
891 948
892 900
893 897
894 868
895 873
896 857
897 962
898 895
899 875
900 836
901 847
902 910
903 898
904 937
905 869
906 849
907 897
908 914
909 910
910 909
911 885
912 901
913 845
914 906
915 915
916 933
917 882
918 839
919 873
920 902
921 901
922 901
923 917
924 873
925 910
926 878
927 906
928 845
929 865
930 920
931 906
932 865
933 896
934 874
935 906
936 913
937 858
938 972
939 952
940 910
941 933
942 893
943 885
944 863
945 908
946 950
947 936
948 874
949 884
950 888
951 913
952 950
953 1006
954 940
955 906
956 858
957 928
958 900
959 895
960 880
961 939
962 903
963 921
964 871
965 955
966 915
967 890
968 889
969 881
970 921
971 903
972 911
973 837
974 886
975 910
976 953
977 933
978 929
979 927
980 815
981 869
982 877
983 883
984 900
985 889
986 879
987 893
988 855
989 883
990 849
991 895
992 908
993 875
994 890
995 849
996 877
997 950
998 865
999 884
